 100   25
0.161
0.122
0.070
0.149
0.009
0.168
0.021
0.030
0.036
0.012
0.067
0.186
0.048
0.156
0.019
0.058
0.042
0.011
0.162
0.110
0.173
0.086
0.041
0.082
0.194
0.175
0.130
0.079
0.165
0.010
0.189
0.022
0.033
0.038
0.013
0.072
0.201
0.054
0.172
0.021
0.062
0.046
0.012
0.178
0.122
0.191
0.092
0.045
0.089
0.211
0.175
0.130
0.079
0.166
0.010
0.188
0.022
0.033
0.039
0.013
0.072
0.202
0.054
0.172
0.021
0.062
0.046
0.012
0.178
0.121
0.192
0.092
0.045
0.089
0.211
0.175
0.130
0.078
0.166
0.010
0.189
0.022
0.034
0.039
0.013
0.072
0.201
0.054
0.172
0.021
0.062
0.046
0.012
0.179
0.121
0.192
0.092
0.045
0.089
0.211
0.176
0.130
0.078
0.165
0.010
0.190
0.022
0.034
0.039
0.013
0.072
0.201
0.054
0.172
0.021
0.062
0.046
0.012
0.178
0.122
0.192
0.092
0.045
0.089
0.210
0.175
0.130
0.079
0.165
0.010
0.189
0.022
0.034
0.038
0.013
0.073
0.202
0.054
0.171
0.021
0.061
0.046
0.012
0.178
0.122
0.191
0.092
0.045
0.089
0.211
0.175
0.130
0.079
0.166
0.010
0.190
0.022
0.034
0.039
0.013
0.072
0.202
0.054
0.171
0.021
0.061
0.046
0.012
0.179
0.122
0.191
0.092
0.045
0.088
0.211
0.176
0.130
0.079
0.166
0.010
0.189
0.022
0.033
0.039
0.013
0.072
0.201
0.054
0.172
0.021
0.062
0.046
0.012
0.179
0.122
0.190
0.091
0.045
0.089
0.211
0.175
0.130
0.078
0.165
0.010
0.190
0.022
0.034
0.039
0.013
0.073
0.202
0.054
0.171
0.021
0.062
0.046
0.012
0.179
0.122
0.190
0.092
0.045
0.089
0.211
0.175
0.130
0.079
0.165
0.010
0.188
0.022
0.034
0.039
0.013
0.073
0.203
0.054
0.172
0.021
0.062
0.046
0.012
0.178
0.122
0.191
0.092
0.045
0.089
0.211
0.175
0.131
0.079
0.165
0.010
0.191
0.022
0.033
0.039
0.013
0.072
0.201
0.054
0.171
0.021
0.062
0.046
0.012
0.178
0.122
0.191
0.092
0.045
0.089
0.211
0.175
0.130
0.079
0.165
0.010
0.190
0.022
0.033
0.039
0.013
0.072
0.201
0.054
0.171
0.021
0.062
0.046
0.012
0.177
0.122
0.191
0.092
0.045
0.089
0.211
0.176
0.130
0.079
0.166
0.010
0.189
0.022
0.033
0.039
0.013
0.072
0.201
0.054
0.173
0.021
0.061
0.046
0.012
0.178
0.121
0.191
0.092
0.045
0.089
0.211
0.176
0.130
0.079
0.165
0.010
0.189
0.022
0.033
0.039
0.013
0.072
0.203
0.054
0.171
0.021
0.062
0.046
0.012
0.179
0.122
0.192
0.092
0.045
0.089
0.211
0.175
0.129
0.079
0.165
0.010
0.190
0.022
0.033
0.039
0.013
0.072
0.201
0.054
0.172
0.021
0.062
0.046
0.012
0.178
0.121
0.192
0.092
0.045
0.089
0.211
0.176
0.130
0.079
0.166
0.010
0.190
0.022
0.033
0.038
0.013
0.072
0.202
0.054
0.171
0.021
0.062
0.046
0.012
0.178
0.121
0.190
0.092
0.045
0.089
0.210
0.175
0.130
0.079
0.164
0.010
0.190
0.022
0.034
0.039
0.013
0.072
0.202
0.054
0.172
0.021
0.062
0.046
0.012
0.178
0.122
0.191
0.092
0.045
0.089
0.211
0.175
0.130
0.078
0.165
0.010
0.189
0.022
0.034
0.038
0.013
0.072
0.201
0.054
0.171
0.021
0.062
0.046
0.013
0.178
0.121
0.191
0.092
0.045
0.089
0.211
0.176
0.130
0.079
0.165
0.010
0.190
0.022
0.034
0.039
0.013
0.072
0.202
0.054
0.171
0.021
0.062
0.046
0.012
0.179
0.121
0.192
0.092
0.045
0.089
0.211
0.175
0.130
0.079
0.165
0.010
0.187
0.022
0.033
0.039
0.013
0.073
0.201
0.054
0.173
0.021
0.061
0.046
0.013
0.178
0.122
0.191
0.092
0.045
0.089
0.211
0.175
0.129
0.079
0.165
0.010
0.190
0.022
0.034
0.038
0.013
0.072
0.201
0.054
0.172
0.021
0.062
0.046
0.012
0.178
0.121
0.192
0.091
0.045
0.089
0.210
0.175
0.130
0.079
0.165
0.010
0.189
0.022
0.034
0.039
0.013
0.072
0.201
0.054
0.171
0.021
0.062
0.046
0.013
0.177
0.122
0.191
0.092
0.045
0.089
0.211
0.176
0.130
0.079
0.166
0.010
0.189
0.022
0.034
0.039
0.013
0.072
0.201
0.054
0.172
0.021
0.062
0.046
0.012
0.179
0.122
0.192
0.092
0.045
0.089
0.211
0.175
0.129
0.079
0.165
0.010
0.189
0.022
0.033
0.039
0.013
0.072
0.202
0.054
0.171
0.021
0.062
0.046
0.012
0.178
0.121
0.191
0.092
0.045
0.089
0.211
0.175
0.130
0.079
0.166
0.010
0.189
0.022
0.034
0.039
0.013
0.072
0.202
0.054
0.171
0.021
0.062
0.046
0.012
0.178
0.122
0.191
0.092
0.045
0.089
0.210
0.176
0.130
0.079
0.165
0.010
0.189
0.022
0.033
0.039
0.013
0.073
0.202
0.054
0.171
0.021
0.062
0.046
0.012
0.179
0.121
0.191
0.092
0.045
0.089
0.211
0.175
0.130
0.079
0.165
0.010
0.190
0.022
0.034
0.039
0.013
0.072
0.202
0.054
0.171
0.021
0.062
0.046
0.012
0.177
0.122
0.191
0.092
0.045
0.089
0.211
0.175
0.131
0.078
0.166
0.010
0.189
0.022
0.033
0.039
0.013
0.072
0.201
0.054
0.171
0.021
0.062
0.046
0.012
0.179
0.121
0.191
0.091
0.045
0.089
0.211
0.175
0.130
0.079
0.166
0.010
0.189
0.022
0.034
0.039
0.013
0.072
0.202
0.054
0.172
0.021
0.061
0.046
0.012
0.178
0.122
0.191
0.092
0.045
0.089
0.211
0.177
0.131
0.079
0.166
0.010
0.189
0.022
0.034
0.039
0.013
0.072
0.202
0.054
0.171
0.021
0.062
0.046
0.012
0.178
0.122
0.191
0.092
0.045
0.090
0.211
0.175
0.130
0.078
0.166
0.010
0.189
0.022
0.033
0.039
0.013
0.072
0.202
0.054
0.172
0.021
0.062
0.046
0.012
0.178
0.122
0.192
0.092
0.045
0.089
0.211
0.175
0.130
0.079
0.165
0.010
0.190
0.022
0.034
0.039
0.013
0.072
0.202
0.054
0.172
0.021
0.062
0.046
0.012
0.179
0.122
0.192
0.092
0.045
0.089
0.210
0.176
0.130
0.078
0.165
0.010
0.189
0.022
0.033
0.039
0.013
0.073
0.202
0.054
0.171
0.021
0.062
0.046
0.012
0.178
0.122
0.192
0.092
0.045
0.089
0.211
0.175
0.130
0.078
0.165
0.010
0.189
0.022
0.033
0.039
0.013
0.072
0.201
0.054
0.171
0.021
0.061
0.046
0.012
0.178
0.122
0.191
0.092
0.045
0.089
0.211
0.175
0.130
0.079
0.165
0.010
0.189
0.022
0.034
0.039
0.013
0.072
0.202
0.054
0.171
0.021
0.062
0.046
0.013
0.178
0.122
0.191
0.092
0.045
0.089
0.211
0.175
0.130
0.078
0.165
0.010
0.189
0.022
0.033
0.039
0.013
0.073
0.201
0.054
0.172
0.021
0.061
0.046
0.012
0.178
0.121
0.191
0.092
0.045
0.089
0.212
0.175
0.129
0.079
0.164
0.010
0.189
0.022
0.034
0.039
0.013
0.072
0.201
0.054
0.171
0.021
0.061
0.046
0.013
0.179
0.122
0.191
0.091
0.045
0.089
0.211
0.176
0.130
0.079
0.165
0.010
0.188
0.022
0.034
0.039
0.013
0.072
0.201
0.054
0.171
0.021
0.062
0.046
0.012
0.179
0.122
0.192
0.092
0.045
0.089
0.210
0.174
0.130
0.078
0.165
0.010
0.189
0.022
0.033
0.038
0.013
0.072
0.202
0.053
0.171
0.021
0.062
0.046
0.012
0.179
0.122
0.191
0.092
0.045
0.089
0.211
0.175
0.130
0.079
0.166
0.010
0.189
0.022
0.034
0.039
0.013
0.072
0.200
0.054
0.172
0.021
0.062
0.046
0.012
0.178
0.121
0.191
0.092
0.045
0.089
0.211
0.176
0.130
0.079
0.166
0.010
0.188
0.022
0.034
0.039
0.013
0.072
0.202
0.054
0.171
0.021
0.062
0.046
0.013
0.178
0.122
0.191
0.092
0.045
0.089
0.211
0.176
0.130
0.079
0.166
0.010
0.188
0.022
0.033
0.039
0.013
0.073
0.202
0.054
0.171
0.021
0.062
0.046
0.012
0.178
0.122
0.190
0.092
0.045
0.089
0.210
0.176
0.130
0.079
0.165
0.010
0.191
0.022
0.033
0.039
0.013
0.073
0.201
0.054
0.171
0.021
0.062
0.046
0.013
0.178
0.122
0.191
0.092
0.045
0.089
0.212
0.176
0.130
0.079
0.165
0.010
0.190
0.022
0.033
0.039
0.013
0.072
0.204
0.054
0.171
0.021
0.062
0.046
0.012
0.178
0.122
0.192
0.092
0.045
0.089
0.211
0.175
0.130
0.079
0.165
0.010
0.190
0.022
0.033
0.039
0.013
0.072
0.202
0.054
0.171
0.021
0.062
0.046
0.013
0.179
0.121
0.192
0.092
0.045
0.089
0.210
0.175
0.130
0.078
0.165
0.010
0.188
0.022
0.033
0.039
0.013
0.072
0.201
0.054
0.171
0.021
0.062
0.046
0.012
0.178
0.121
0.191
0.092
0.045
0.089
0.212
0.175
0.131
0.079
0.165
0.010
0.189
0.022
0.034
0.039
0.013
0.072
0.202
0.054
0.171
0.021
0.062
0.046
0.012
0.178
0.121
0.191
0.092
0.045
0.089
0.211
0.176
0.130
0.079
0.166
0.010
0.191
0.022
0.033
0.039
0.013
0.072
0.201
0.054
0.171
0.021
0.062
0.046
0.012
0.178
0.122
0.192
0.092
0.045
0.089
0.212
0.175
0.130
0.079
0.165
0.010
0.189
0.022
0.034
0.039
0.013
0.072
0.202
0.054
0.171
0.021
0.062
0.046
0.012
0.178
0.121
0.192
0.092
0.045
0.089
0.211
0.175
0.130
0.079
0.166
0.010
0.189
0.022
0.034
0.039
0.013
0.072
0.202
0.054
0.171
0.021
0.061
0.046
0.012
0.177
0.122
0.190
0.092
0.045
0.089
0.210
0.176
0.130
0.079
0.165
0.010
0.189
0.022
0.033
0.039
0.013
0.072
0.203
0.054
0.173
0.021
0.061
0.046
0.012
0.179
0.122
0.191
0.092
0.045
0.088
0.211
0.175
0.130
0.079
0.165
0.010
0.189
0.022
0.033
0.039
0.013
0.072
0.202
0.054
0.171
0.021
0.062
0.046
0.012
0.179
0.122
0.192
0.092
0.045
0.089
0.211
0.175
0.130
0.079
0.164
0.010
0.189
0.022
0.033
0.039
0.013
0.073
0.201
0.054
0.171
0.021
0.062
0.046
0.012
0.178
0.121
0.191
0.092
0.045
0.089
0.210
0.175
0.130
0.079
0.165
0.010
0.190
0.022
0.034
0.039
0.013
0.072
0.202
0.054
0.171
0.021
0.062
0.046
0.012
0.178
0.122
0.190
0.092
0.045
0.089
0.211
0.175
0.130
0.079
0.165
0.010
0.189
0.022
0.034
0.039
0.013
0.072
0.201
0.054
0.171
0.021
0.062
0.046
0.013
0.178
0.122
0.191
0.092
0.045
0.089
0.211
0.176
0.130
0.080
0.166
0.010
0.189
0.022
0.034
0.039
0.013
0.072
0.201
0.054
0.172
0.021
0.062
0.046
0.012
0.177
0.121
0.191
0.092
0.045
0.089
0.210
0.175
0.130
0.079
0.166
0.010
0.190
0.022
0.034
0.039
0.013
0.072
0.201
0.054
0.172
0.021
0.062
0.046
0.012
0.179
0.122
0.191
0.092
0.045
0.089
0.211
0.176
0.130
0.079
0.165
0.010
0.190
0.022
0.034
0.038
0.013
0.072
0.202
0.054
0.171
0.021
0.061
0.046
0.012
0.178
0.122
0.192
0.091
0.045
0.089
0.211
0.176
0.130
0.079
0.165
0.010
0.189
0.022
0.033
0.039
0.013
0.072
0.202
0.054
0.171
0.021
0.062
0.046
0.012
0.179
0.122
0.192
0.092
0.045
0.089
0.210
0.176
0.130
0.079
0.165
0.010
0.189
0.022
0.033
0.039
0.013
0.072
0.202
0.054
0.172
0.021
0.062
0.046
0.013
0.179
0.122
0.190
0.092
0.045
0.089
0.210
0.176
0.130
0.079
0.166
0.010
0.190
0.022
0.034
0.039
0.013
0.072
0.202
0.054
0.171
0.021
0.062
0.046
0.012
0.177
0.122
0.192
0.092
0.045
0.089
0.211
0.175
0.130
0.079
0.165
0.010
0.189
0.022
0.033
0.039
0.013
0.073
0.201
0.054
0.171
0.021
0.062
0.046
0.012
0.178
0.122
0.191
0.092
0.045
0.089
0.211
0.175
0.130
0.079
0.165
0.010
0.189
0.022
0.033
0.039
0.013
0.072
0.203
0.054
0.172
0.021
0.062
0.046
0.012
0.177
0.121
0.191
0.091
0.045
0.089
0.212
0.175
0.130
0.079
0.166
0.010
0.190
0.022
0.033
0.039
0.013
0.072
0.203
0.054
0.171
0.021
0.062
0.046
0.012
0.179
0.122
0.191
0.092
0.045
0.089
0.210
0.175
0.130
0.079
0.165
0.010
0.188
0.022
0.034
0.039
0.013
0.072
0.202
0.054
0.171
0.021
0.062
0.046
0.012
0.179
0.122
0.191
0.092
0.045
0.089
0.211
0.176
0.130
0.078
0.165
0.010
0.188
0.022
0.034
0.039
0.013
0.072
0.201
0.053
0.171
0.021
0.062
0.046
0.013
0.178
0.122
0.191
0.092
0.045
0.089
0.211
0.176
0.130
0.079
0.165
0.010
0.189
0.022
0.033
0.039
0.013
0.072
0.202
0.054
0.172
0.021
0.062
0.046
0.012
0.178
0.122
0.192
0.092
0.045
0.088
0.211
0.176
0.130
0.079
0.165
0.010
0.188
0.022
0.034
0.039
0.013
0.072
0.201
0.054
0.171
0.021
0.062
0.046
0.012
0.179
0.121
0.192
0.092
0.045
0.089
0.210
0.175
0.130
0.079
0.166
0.010
0.190
0.022
0.033
0.039
0.013
0.072
0.201
0.054
0.171
0.021
0.061
0.046
0.012
0.178
0.122
0.191
0.092
0.045
0.089
0.212
0.175
0.130
0.079
0.166
0.010
0.190
0.022
0.034
0.039
0.013
0.073
0.201
0.054
0.171
0.021
0.062
0.046
0.012
0.178
0.121
0.192
0.092
0.045
0.090
0.211
0.176
0.130
0.079
0.164
0.010
0.189
0.022
0.033
0.039
0.013
0.072
0.202
0.054
0.171
0.021
0.062
0.046
0.012
0.178
0.121
0.192
0.092
0.045
0.090
0.211
0.175
0.130
0.079
0.165
0.010
0.188
0.022
0.034
0.039
0.013
0.072
0.202
0.054
0.171
0.021
0.062
0.046
0.012
0.179
0.122
0.192
0.092
0.045
0.089
0.211
0.175
0.130
0.079
0.165
0.010
0.188
0.022
0.033
0.039
0.013
0.072
0.201
0.054
0.171
0.021
0.062
0.046
0.013
0.179
0.121
0.192
0.092
0.045
0.089
0.211
0.176
0.131
0.079
0.164
0.010
0.189
0.022
0.034
0.038
0.013
0.072
0.202
0.054
0.171
0.021
0.062
0.046
0.012
0.179
0.122
0.191
0.092
0.045
0.089
0.211
0.175
0.130
0.079
0.166
0.010
0.190
0.022
0.033
0.039
0.013
0.072
0.202
0.054
0.171
0.021
0.062
0.046
0.012
0.178
0.121
0.191
0.092
0.045
0.089
0.211
0.176
0.130
0.079
0.165
0.010
0.190
0.022
0.033
0.039
0.013
0.072
0.201
0.054
0.171
0.021
0.062
0.046
0.012
0.178
0.122
0.192
0.092
0.045
0.089
0.212
0.175
0.130
0.079
0.165
0.010
0.188
0.022
0.034
0.039
0.013
0.072
0.202
0.054
0.171
0.021
0.062
0.046
0.012
0.178
0.122
0.191
0.092
0.045
0.089
0.211
0.175
0.130
0.079
0.165
0.010
0.190
0.022
0.033
0.038
0.013
0.072
0.201
0.054
0.172
0.021
0.061
0.046
0.012
0.178
0.122
0.192
0.092
0.045
0.089
0.211
0.175
0.130
0.079
0.165
0.010
0.189
0.022
0.034
0.039
0.013
0.072
0.203
0.054
0.171
0.021
0.062
0.046
0.012
0.178
0.122
0.192
0.092
0.045
0.089
0.210
0.175
0.130
0.078
0.165
0.010
0.190
0.022
0.033
0.039
0.013
0.072
0.203
0.054
0.172
0.021
0.062
0.046
0.012
0.178
0.122
0.192
0.092
0.045
0.089
0.210
0.175
0.130
0.079
0.166
0.010
0.189
0.022
0.033
0.039
0.013
0.073
0.202
0.054
0.172
0.021
0.062
0.046
0.012
0.178
0.122
0.191
0.092
0.045
0.089
0.210
0.175
0.130
0.079
0.166
0.010
0.189
0.022
0.033
0.038
0.013
0.073
0.202
0.054
0.172
0.021
0.062
0.046
0.012
0.180
0.122
0.191
0.092
0.045
0.089
0.211
0.175
0.130
0.078
0.166
0.010
0.188
0.022
0.034
0.039
0.013
0.072
0.201
0.054
0.171
0.021
0.062
0.046
0.013
0.178
0.122
0.191
0.091
0.045
0.089
0.211
0.175
0.130
0.079
0.165
0.010
0.189
0.022
0.034
0.039
0.013
0.072
0.202
0.054
0.171
0.021
0.062
0.046
0.012
0.178
0.122
0.190
0.092
0.045
0.089
0.212
0.175
0.130
0.079
0.165
0.010
0.189
0.022
0.033
0.039
0.013
0.072
0.201
0.054
0.171
0.021
0.062
0.046
0.012
0.180
0.122
0.192
0.091
0.045
0.088
0.211
0.175
0.131
0.078
0.165
0.010
0.190
0.022
0.034
0.039
0.013
0.072
0.201
0.054
0.171
0.021
0.062
0.046
0.012
0.178
0.121
0.192
0.092
0.045
0.089
0.211
0.175
0.130
0.079
0.165
0.010
0.189
0.022
0.034
0.039
0.013
0.072
0.201
0.054
0.172
0.021
0.062
0.046
0.012
0.178
0.122
0.190
0.092
0.045
0.089
0.211
0.175
0.130
0.078
0.165
0.010
0.189
0.022
0.033
0.038
0.013
0.072
0.203
0.054
0.172
0.021
0.062
0.046
0.012
0.178
0.122
0.192
0.092
0.045
0.089
0.211
0.176
0.130
0.079
0.165
0.010
0.190
0.022
0.033
0.038
0.013
0.072
0.202
0.054
0.172
0.021
0.062
0.046
0.012
0.178
0.122
0.192
0.092
0.045
0.089
0.211
0.176
0.130
0.079
0.166
0.010
0.190
0.022
0.033
0.039
0.013
0.073
0.202
0.054
0.171
0.021
0.062
0.046
0.012
0.178
0.121
0.191
0.092
0.045
0.089
0.210
0.177
0.130
0.079
0.166
0.010
0.189
0.022
0.033
0.039
0.013
0.072
0.202
0.054
0.170
0.021
0.062
0.046
0.012
0.178
0.122
0.190
0.092
0.045
0.089
0.211
0.175
0.130
0.079
0.165
0.010
0.190
0.022
0.033
0.039
0.013
0.072
0.202
0.054
0.172
0.021
0.062
0.046
0.012
0.178
0.121
0.191
0.092
0.045
0.089
0.212
0.176
0.130
0.079
0.164
0.010
0.188
0.022
0.033
0.039
0.013
0.072
0.201
0.054
0.171
0.021
0.062
0.046
0.012
0.177
0.122
0.192
0.092
0.045
0.089
0.211
0.175
0.130
0.079
0.166
0.010
0.189
0.022
0.034
0.039
0.013
0.072
0.201
0.054
0.172
0.021
0.061
0.046
0.012
0.178
0.122
0.192
0.092
0.045
0.089
0.210
0.176
0.130
0.079
0.165
0.010
0.188
0.022
0.034
0.038
0.013
0.073
0.202
0.054
0.172
0.021
0.062
0.046
0.012
0.178
0.121
0.191
0.092
0.045
0.089
0.212
0.176
0.130
0.079
0.165
0.010
0.189
0.022
0.033
0.039
0.013
0.073
0.202
0.054
0.171
0.021
0.062
0.046
0.012
0.179
0.122
0.192
0.092
0.045
0.089
0.211
0.175
0.130
0.079
0.165
0.010
0.188
0.022
0.033
0.039
0.013
0.072
0.203
0.054
0.171
0.021
0.062
0.046
0.012
0.178
0.122
0.191
0.092
0.045
0.089
0.212
0.175
0.130
0.079
0.165
0.010
0.189
0.022
0.033
0.039
0.013
0.072
0.202
0.054
0.172
0.021
0.062
0.046
0.013
0.178
0.121
0.191
0.092
0.045
0.089
0.212
0.175
0.130
0.078
0.165
0.010
0.189
0.022
0.033
0.039
0.013
0.072
0.202
0.054
0.172
0.021
0.062
0.046
0.012
0.177
0.121
0.191
0.092
0.045
0.089
0.210
0.176
0.130
0.079
0.165
0.010
0.190
0.022
0.033
0.038
0.013
0.073
0.202
0.054
0.172
0.021
0.062
0.046
0.012
0.179
0.122
0.192
0.092
0.045
0.089
0.212
0.175
0.130
0.079
0.165
0.010
0.189
0.022
0.033
0.038
0.013
0.073
0.202
0.054
0.171
0.021
0.061
0.046
0.012
0.178
0.122
0.192
0.091
0.045
0.089
0.211
